<svg width="65" height="31" viewBox="0 0 65 31" fill="none" xmlns="http://www.w3.org/2000/svg">
<g clip-path="url(#clip0_9809_2577)">
<path d="M6.71996 21.9047V4.77842C6.71996 3.57953 5.74255 2.60212 4.54366 2.60212H0.42218V22.7377C0.42218 26.5992 2.4444 28.0292 6.12774 28.0292H18.55V24.081C18.55 22.8821 17.5677 21.9047 16.3737 21.9047H6.71996Z" fill="white"/>
<path d="M61.6512 2.65H60.2357C59.0368 2.65 57.8523 3.60815 57.5972 4.77815L54.8335 17.523C54.8335 17.523 54.8335 17.523 54.8335 17.5278L54.3712 19.6511L52.1564 7.70555C52.1564 7.70555 52.1564 7.70074 52.1564 7.69593L51.7616 5.56296C51.6075 4.72037 51.3427 3.94519 50.919 3.32889C50.7361 3.0063 50.2353 2.3563 49.1712 2.10593C49.1231 2.0963 49.0749 2.08667 49.0268 2.07704C48.9449 2.06259 48.8583 2.04333 48.7668 2.0337C48.6031 2.01444 48.4298 2 48.2516 2C48.0735 2 47.8857 2.01444 47.7123 2.03852C47.6401 2.04815 47.5727 2.06259 47.5053 2.07222C47.4235 2.08667 47.3416 2.10111 47.2646 2.12519C47.1635 2.14926 47.072 2.17815 46.9805 2.21185C46.9661 2.21667 46.9516 2.22148 46.9372 2.2263C46.1138 2.52963 45.6853 3.06407 45.5023 3.36741C45.0738 3.9837 44.7994 4.76852 44.6212 5.62556L42.469 16.3481L42.3198 17.0993L41.8912 19.2322L38.4679 4.7637C38.1935 3.59852 36.9898 2.64519 35.7909 2.64519H32.4398L33.0368 4.73481L38.8627 25.2315C39.0168 25.7707 39.1949 26.2907 39.4309 26.7578C39.9268 27.7304 40.6827 28.443 42.0116 28.443C43.9664 28.443 44.5683 27.1478 44.6309 26.9937C45.0064 26.4063 45.252 25.6889 45.3964 24.9378L48.189 11.2059L50.1679 21.9044C50.1679 21.9044 50.1679 21.9189 50.1679 21.9285L50.5579 24.0422C50.6975 24.827 50.9335 25.6648 51.3138 26.3967C51.5112 26.83 52.0072 27.6726 52.9605 28.1252C53.0712 28.1781 53.182 28.2263 53.3023 28.2696C53.3312 28.2793 53.3553 28.2889 53.3842 28.2937C53.4564 28.3178 53.5286 28.337 53.6057 28.3515C53.702 28.3707 53.7983 28.39 53.8994 28.4044C53.9138 28.4044 53.9331 28.4044 53.9475 28.4093C54.0775 28.4237 54.2172 28.4333 54.3616 28.4333C54.4916 28.4333 54.6216 28.4285 54.742 28.4141C54.8431 28.4044 54.9442 28.39 55.0405 28.3756C56.9038 28.053 57.3709 26.4833 57.3709 26.4833C57.4527 26.2089 57.5394 25.8959 57.6405 25.5589C57.7705 25.1785 57.8812 24.7837 57.9872 24.3937L63.8131 2.64037H61.6368L61.6512 2.65Z" fill="white"/>
<path d="M30.8581 2.46403C30.7329 2.44477 30.5884 2.42551 30.4344 2.40625H29.9577C29.1199 2.40625 28.3399 2.47366 27.6129 2.59884C27.454 2.62773 27.2951 2.66143 27.141 2.69995C22.3358 3.74958 19.9766 7.61107 19.9766 13.1048V28.0211H23.6262C24.8251 28.0211 25.8025 27.0437 25.8025 25.8448V14.7081C25.8025 10.5914 26.5151 8.70403 30.3718 8.2081C30.6895 8.16477 31.0266 8.13588 31.3925 8.1118V2.52662C31.2144 2.50255 31.041 2.48329 30.8629 2.46403H30.8581Z" fill="white"/>
<path d="M58.661 27.2921C58.661 27.149 58.6866 27.011 58.7428 26.8832C58.799 26.7555 58.8757 26.6482 58.9677 26.5511C59.0648 26.4591 59.1721 26.3824 59.2998 26.3262C59.4276 26.27 59.5605 26.2444 59.7087 26.2444C59.8569 26.2444 59.9898 26.27 60.1175 26.3262C60.2453 26.3824 60.3577 26.454 60.4497 26.5511C60.5468 26.643 60.6184 26.7555 60.6746 26.8832C60.7308 27.011 60.7564 27.1439 60.7564 27.2921C60.7564 27.4403 60.7308 27.5732 60.6746 27.6958C60.6184 27.8236 60.5468 27.9309 60.4497 28.0229C60.3526 28.1149 60.2453 28.1915 60.1175 28.2426C59.9898 28.2938 59.8569 28.3244 59.7087 28.3244C59.5605 28.3244 59.4276 28.2989 59.2998 28.2426C59.1721 28.1864 59.0596 28.1149 58.9677 28.0229C58.8706 27.9309 58.799 27.8185 58.7428 27.6958C58.6866 27.5681 58.661 27.4352 58.661 27.2921ZM58.8246 27.2921C58.8246 27.4096 58.845 27.5272 58.8961 27.6345C58.9421 27.7418 59.0034 27.8389 59.0852 27.9156C59.167 27.9973 59.259 28.0587 59.3663 28.1047C59.4736 28.1507 59.586 28.1711 59.7087 28.1711C59.8313 28.1711 59.9438 28.1456 60.0511 28.1047C60.1584 28.0587 60.2504 27.9973 60.3322 27.9156C60.4139 27.8338 60.4753 27.7418 60.5213 27.6345C60.5673 27.5272 60.5877 27.4147 60.5877 27.2921C60.5877 27.1694 60.5621 27.0519 60.5213 26.9446C60.4753 26.8372 60.4139 26.7453 60.3322 26.6635C60.2504 26.5817 60.1584 26.5204 60.0511 26.4744C59.9438 26.4284 59.8262 26.4028 59.7087 26.4028C59.5911 26.4028 59.4736 26.4233 59.3663 26.4744C59.259 26.5204 59.167 26.5817 59.0852 26.6635C59.0034 26.7453 58.9421 26.8372 58.8961 26.9446C58.8501 27.0519 58.8246 27.1694 58.8246 27.2921ZM59.2998 26.6993H59.7138C59.77 26.6993 59.8211 26.7044 59.8773 26.7197C59.9284 26.7299 59.9744 26.7504 60.0153 26.781C60.0562 26.8066 60.092 26.8424 60.1124 26.8883C60.138 26.9292 60.1482 26.9855 60.1482 27.0519C60.1482 27.1388 60.1226 27.2052 60.0766 27.2614C60.0255 27.3176 59.9642 27.3534 59.8773 27.3687L60.1942 27.8849H59.9387L59.6627 27.3943H59.5094V27.8849H59.2998V26.6993ZM59.6831 27.2154C59.7445 27.2154 59.8007 27.2052 59.8569 27.1797C59.9131 27.1592 59.9387 27.1081 59.9387 27.0417C59.9387 26.9752 59.9131 26.9343 59.862 26.9139C59.8109 26.8935 59.7598 26.8832 59.7036 26.8832H59.5094V27.2205H59.678L59.6831 27.2154Z" fill="white"/>
</g>
<defs>
<clipPath id="clip0_9809_2577">
<rect width="64" height="30" fill="white" transform="translate(0.201782 0.430054)"/>
</clipPath>
</defs>
</svg>
