<svg width="113" height="41" viewBox="0 0 113 41" fill="none" xmlns="http://www.w3.org/2000/svg">
<g clip-path="url(#clip0_9809_2559)">
<path fill-rule="evenodd" clip-rule="evenodd" d="M63.5119 10.2292C64.3268 11.1597 66.1112 11.1199 67.1723 11.8021C65.7398 12.1704 63.9368 12.1696 62.6396 12.6742C62.9456 11.8729 63.2191 11.0421 63.5119 10.2292Z" fill="#FBFBFB"/>
<path fill-rule="evenodd" clip-rule="evenodd" d="M53.3954 13.4606C52.9666 15.4205 52.0694 17.6646 51.566 19.8379C54.3361 19.8768 57.2585 19.3115 60.1063 19.1394C60.4916 18.6224 60.6811 17.9099 60.8917 17.2177C61.4626 18.0283 61.865 19.5443 61.3275 20.7116C57.0014 20.6516 53.8918 24.2023 49.648 24.2062C47.7479 24.2086 46.1322 23.1122 47.0325 20.974C48.3034 17.9558 51.4549 15.8488 53.3954 13.4606Z" fill="#FBFBFB"/>
<path fill-rule="evenodd" clip-rule="evenodd" d="M96.979 7.0833C97.0854 7.50533 96.6162 7.91024 96.3715 8.21938C94.3199 10.803 92.0454 13.8585 89.3118 15.82C89.5091 16.8478 89.4042 18.2121 89.0477 18.9642C89.7639 19.8815 90.5229 20.7497 90.9657 21.9364C90.3838 25.0355 89.0306 27.4416 86.8711 29.0138C84.7605 30.5462 81.9095 31.1497 78.6756 31.8964C72.4231 33.3408 62.1341 34.7658 57.4958 31.022C52.4729 33.9755 42.3214 34.3656 37.624 30.8475C34.2837 35.0835 21.1105 34.7129 23.0696 26.3056C20.6273 28.1588 17.0151 30.7159 13.5676 32.1588C9.57086 33.8306 2.00156 33.643 2.75896 27.9649C2.84984 27.289 3.13493 26.9067 3.45576 26.3048C2.28743 24.2592 1.5479 22.8405 0.840996 21.062C0.164389 19.3559 -0.868776 17.4155 -0.988406 15.0335C-1.24165 9.96827 2.69681 6.75547 6.59565 5.24797C8.58663 4.47631 10.2032 3.36281 12.174 2.80217C15.1189 1.9612 17.6451 3.58551 17.8385 6.29762C21.2627 5.27834 25.4327 4.15394 29.9553 4.81191C33.5558 2.00559 40.5876 3.73969 45.2088 5.07355C46.2537 5.37567 47.6597 6.1559 48.4334 6.12242C49.089 6.09594 50.2729 5.20436 50.9596 4.89913C54.2028 3.45858 58.4411 1.9246 63.0764 2.71573C63.9534 2.86446 64.7567 3.3301 65.6896 3.4142C66.3243 3.47104 67.0988 3.2717 67.7824 3.23978C78.6119 2.7095 87.6285 5.62329 96.979 7.0833ZM66.649 6.73367C65.5428 6.8676 64.7574 8.07999 64.0342 8.48101C64.0863 8.47556 64.136 8.46699 64.1189 8.39302C64.2517 7.79656 64.5042 7.32157 64.5555 6.64646C58.755 4.59856 53.1106 7.59255 48.9547 9.87794C45.6322 11.7055 42.6671 13.8523 40.5868 15.9936C41.3388 14.7088 42.1373 13.438 43.0276 12.2381C43.9302 11.0187 44.9362 9.91688 45.7301 8.83063C43.9924 8.37511 42.2507 7.89311 40.499 7.51935C38.0078 6.9883 34.5439 6.10762 32.4807 7.25694C31.8833 7.58943 31.3955 8.40703 30.8245 8.48023C30.3522 8.54174 29.5754 8.19602 28.9936 8.13139C26.8636 7.89467 24.9044 8.09245 22.9803 8.48023C21.1773 8.84231 17.3662 9.48471 16.8776 11.1877C16.5645 12.2809 17.2621 13.3407 17.1394 14.4223C17.0197 15.4867 16.0006 16.893 15.4832 17.7417C14.8493 18.782 14.2053 19.7032 13.1295 20.1868C12.4769 16.9319 13.1869 14.0368 13.7408 11.2764C14.0826 9.57504 14.7701 7.83393 14.1774 6.12086C12.5158 5.88959 11.1159 7.20788 9.46987 7.86742C6.37814 9.10784 2.93452 10.2377 2.49795 13.8087C2.25169 15.8192 3.00598 17.0993 3.54432 18.5266C4.69711 21.5954 6.12335 24.1922 7.81603 26.5648C7.3546 27.4144 6.26861 27.6363 6.1583 28.8347C6.65003 29.5331 7.67465 29.6242 8.68684 29.6219C11.6116 29.6149 14.0096 28.1401 16.1816 26.9129C20.9116 24.246 24.0895 20.1385 27.426 16.2545C28.0125 15.5716 28.4949 14.7485 29.2577 14.3327C30.0081 17.7838 28.5492 19.6285 27.513 22.4566C27.1137 23.5459 25.8529 26.9557 26.4674 28.5707C27.1409 30.3476 32.8777 30.4255 34.3995 29.2731C35.1662 28.6922 35.4707 27.3801 35.8824 26.5641C36.4075 25.5152 36.862 24.6088 37.276 23.6814C37.2993 27.5086 40.1355 28.6322 43.2023 29.4475C49.7206 31.1754 56.2932 28.0887 59.8495 25.9544C59.4052 28.7903 60.5036 29.0745 62.7268 29.5363C68.4745 30.7253 74.2633 29.3525 78.9382 28.2234C83.2239 27.1886 86.6706 26.4582 87.3061 22.1942C86.6201 21.5993 84.9057 21.6732 83.7327 21.8461C80.2767 22.353 76.9286 24.105 72.3151 23.7679C71.4738 23.7064 69.6545 23.4112 69.524 22.895C69.3212 22.0883 70.7614 21.5237 71.9678 21.3221C75.4262 20.7349 80.4258 21.3275 83.2091 20.2716C84.5468 19.7655 86.1595 18.3063 85.9971 16.6898C85.8915 15.5988 84.4699 15.0273 83.1214 14.944C79.3072 14.7049 76.5814 16.9366 72.5784 16.1665C73.0787 15.5319 73.1688 14.4885 73.7972 13.9823C76.7243 13.9208 79.569 14.504 82.3391 14.3319C86.1906 14.0905 88.3625 12.4647 90.1842 10.3132C90.3792 10.0812 90.8678 9.832 90.707 9.44033C84.017 8.42027 74.898 5.71829 66.6505 6.73134" fill="#FBFBFB"/>
<path d="M96.8135 18.5739H93.8484V15.8548H103.04V18.5739H100.075V26.4641H96.8127L96.8135 18.5739Z" fill="#FBFBFB"/>
<path d="M110.694 26.4649H107.047L103.889 15.8548H107.18L108.915 22.2889H108.944L110.65 15.8548H114L110.694 26.4649Z" fill="#FBFBFB"/>
</g>
<defs>
<clipPath id="clip0_9809_2559">
<rect width="112" height="40" fill="white" transform="translate(0.872131 0.430054)"/>
</clipPath>
</defs>
</svg>
